lcl|DQ309521.1_cds_ABD04163.1_1	AIPGENE6432	80.591	237	46	0	1	711	79	315	9.33e-144	410
lcl|DQ309522.1_cds_ABD04164.1_1	AIPGENE4053	100.000	24	0	0	1	72	114	137	7.13e-10	49.3
lcl|DQ309522.1_cds_ABD04164.1_1	AIPGENE25970	100.000	20	0	0	1	60	143	162	1.77e-07	43.1
lcl|DQ309522.1_cds_ABD04164.1_1	AIPGENE22886	81.818	22	4	0	1	66	114	135	3.07e-06	40.0
lcl|DQ309522.1_cds_ABD04164.1_1	AIPGENE3063	81.818	22	4	0	1	66	114	135	3.22e-06	40.0
lcl|DQ309522.1_cds_ABD04164.1_1	AIPGENE22825	100.000	18	0	0	1	54	114	131	4.19e-06	39.3
lcl|DQ309522.1_cds_ABD04164.1_1	AIPGENE6136	100.000	18	0	0	1	54	114	131	5.31e-06	39.7
lcl|DQ309523.1_cds_ABD04165.1_1	AIPGENE2846	97.154	246	7	0	1	738	29	274	1.86e-170	473
lcl|DQ309523.1_cds_ABD04165.1_1	AIPGENE9543	96.748	246	8	0	1	738	64	309	1.30e-167	470
lcl|DQ309523.1_cds_ABD04165.1_1	AIPGENE24599	95.935	246	10	0	1	738	64	309	1.19e-165	465
lcl|DQ309523.1_cds_ABD04165.1_1	AIPGENE28879	95.082	244	12	0	1	732	29	272	3.97e-165	458
lcl|DQ309523.1_cds_ABD04165.1_1	AIPGENE23845	93.496	246	16	0	1	738	64	309	2.99e-163	459
lcl|DQ309523.1_cds_ABD04165.1_1	AIPGENE9554	92.683	246	18	0	1	738	64	309	3.76e-162	456
lcl|DQ309523.1_cds_ABD04165.1_1	AIPGENE23849	93.000	200	14	0	1	600	188	387	5.26e-125	361
lcl|DQ309523.1_cds_ABD04165.1_1	AIPGENE23849	87.097	62	8	0	1	186	64	125	1.50e-30	117
lcl|DQ309523.1_cds_ABD04165.1_1	AIPGENE28889	92.857	196	14	0	1	588	64	259	6.19e-123	351
lcl|DQ309523.1_cds_ABD04165.1_1	AIPGENE17951	86.885	183	24	0	190	738	5	187	2.25e-110	320
lcl|DQ309523.1_cds_ABD04165.1_1	AIPGENE28936	96.341	164	6	0	1	492	64	227	1.81e-104	305
lcl|DQ309523.1_cds_ABD04165.1_1	AIPGENE27901	44.309	246	137	0	1	738	62	307	6.01e-70	221
lcl|DQ309523.1_cds_ABD04165.1_1	AIPGENE20512	44.715	246	136	0	1	738	62	307	6.23e-70	221
lcl|DQ309523.1_cds_ABD04165.1_1	AIPGENE23810	44.715	246	136	0	1	738	62	307	1.82e-69	220
lcl|DQ309523.1_cds_ABD04165.1_1	AIPGENE10493	43.089	246	140	0	1	738	62	307	1.60e-65	210
lcl|DQ309523.1_cds_ABD04165.1_1	AIPGENE17177	42.041	245	142	0	1	735	27	271	2.11e-60	196
lcl|DQ309523.1_cds_ABD04165.1_1	AIPGENE28920	93.519	108	7	0	1	324	158	265	5.29e-57	182
lcl|DQ309523.1_cds_ABD04165.1_1	AIPGENE28920	93.750	64	4	0	1	192	64	127	2.69e-35	127
lcl|DQ309523.1_cds_ABD04165.1_1	AIPGENE20514	44.920	187	103	0	1	561	62	248	7.16e-43	146
lcl|DQ309523.1_cds_ABD04165.1_1	AIPGENE11362	36.475	244	150	4	1	720	63	305	8.43e-38	137
lcl|DQ309523.1_cds_ABD04165.1_1	AIPGENE2854	93.548	62	4	0	1	186	64	125	7.62e-36	124
lcl|DQ309523.1_cds_ABD04165.1_1	AIPGENE2869	93.548	62	4	0	1	186	64	125	1.88e-33	120
lcl|DQ309523.1_cds_ABD04165.1_1	AIPGENE28531	26.383	235	136	2	142	738	4	237	3.44e-22	94.0
lcl|DQ309523.1_cds_ABD04165.1_1	AIPGENE5245	26.984	189	130	3	1	552	68	253	4.28e-14	71.2
lcl|DQ309523.1_cds_ABD04165.1_1	AIPGENE14077	30.481	187	120	5	1	537	40	224	3.04e-08	53.9
lcl|DQ309523.1_cds_ABD04165.1_1	AIPGENE11496	30.481	187	120	5	1	537	40	224	5.27e-08	53.1
lcl|DQ309524.1_cds_ABD04166.1_1	AIPGENE6445	84.507	71	11	0	1	213	1054	1124	1.37e-26	100
lcl|DQ309525.1_cds_ABD04167.1_1	AIPGENE13459	71.292	209	60	0	4	630	252	460	4.60e-109	323
lcl|DQ309525.1_cds_ABD04167.1_1	AIPGENE25614	45.024	211	112	2	10	633	238	447	9.98e-64	205
lcl|DQ309525.1_cds_ABD04167.1_1	AIPGENE25617	41.905	210	120	1	10	633	238	447	5.16e-59	193
lcl|DQ309525.1_cds_ABD04167.1_1	AIPGENE23718	51.553	161	74	2	10	483	238	397	7.40e-55	180
lcl|DQ309525.1_cds_ABD04167.1_1	AIPGENE27709	40.976	205	117	3	10	618	252	454	1.71e-49	169
lcl|DQ309526.1_cds_ABD04168.1_1	AIPGENE8342	56.923	325	116	11	1	960	1	306	7.84e-78	240
lcl|DQ309527.1_cds_ABD04169.1_1	AIPGENE13903	59.756	164	63	2	1	486	206	368	1.29e-50	166
lcl|DQ309527.1_cds_ABD04169.1_1	AIPGENE13852	35.156	128	79	3	16	390	598	724	2.56e-15	72.4
lcl|DQ309527.1_cds_ABD04169.1_1	AIPGENE25881	44.928	69	36	2	13	213	1451	1519	1.42e-13	67.4
lcl|DQ309527.1_cds_ABD04169.1_1	AIPGENE25882	44.928	69	36	2	13	213	1336	1404	1.51e-13	67.4
lcl|DQ309527.1_cds_ABD04169.1_1	AIPGENE25896	44.928	69	36	2	13	213	359	427	1.73e-13	67.0
lcl|DQ309527.1_cds_ABD04169.1_1	AIPGENE843	38.776	147	81	5	19	444	262	404	1.96e-13	67.0
lcl|DQ309527.1_cds_ABD04169.1_1	AIPGENE26186	44.118	68	36	2	16	213	1264	1331	4.33e-13	66.2
lcl|DQ309527.1_cds_ABD04169.1_1	AIPGENE6994	34.400	125	72	2	25	384	211	330	3.93e-12	63.2
lcl|DQ309527.1_cds_ABD04169.1_1	AIPGENE20800	34.066	91	59	1	28	297	419	509	5.00e-12	62.8
lcl|DQ309527.1_cds_ABD04169.1_1	AIPGENE13887	38.614	101	59	2	1	300	504	602	5.40e-12	62.8
lcl|DQ309527.1_cds_ABD04169.1_1	AIPGENE11277	50.943	53	25	1	58	213	2	54	1.15e-11	58.5
lcl|DQ309527.1_cds_ABD04169.1_1	AIPGENE11285	42.188	64	36	1	25	213	210	273	4.47e-11	60.1
lcl|DQ309527.1_cds_ABD04169.1_1	AIPGENE8245	41.538	65	37	1	22	213	1387	1451	6.62e-11	59.7
lcl|DQ309527.1_cds_ABD04169.1_1	AIPGENE16608	39.130	69	40	2	13	213	228	296	7.65e-11	59.3
lcl|DQ309527.1_cds_ABD04169.1_1	AIPGENE7043	41.176	68	38	2	16	213	34	101	1.78e-10	58.5
lcl|DQ309527.1_cds_ABD04169.1_1	AIPGENE7043	45.614	57	29	2	49	213	221	277	5.66e-09	53.9
lcl|DQ309527.1_cds_ABD04169.1_1	AIPGENE25798	42.424	66	37	1	25	219	330	395	2.86e-10	57.8
lcl|DQ309527.1_cds_ABD04169.1_1	AIPGENE22154	35.772	123	75	2	25	390	837	956	1.19e-09	56.2
lcl|DQ309527.1_cds_ABD04169.1_1	AIPGENE860	33.043	115	56	3	16	303	93	205	1.39e-09	55.1
lcl|DQ309527.1_cds_ABD04169.1_1	AIPGENE5584	36.986	73	44	1	1	213	202	274	1.02e-08	53.1
lcl|DQ309527.1_cds_ABD04169.1_1	AIPGENE28166	36.986	73	44	1	1	213	202	274	1.02e-08	53.1
lcl|DQ309527.1_cds_ABD04169.1_1	AIPGENE25805	42.188	64	36	1	25	213	340	403	1.09e-08	53.1
lcl|DQ309527.1_cds_ABD04169.1_1	AIPGENE7102	39.189	74	43	2	1	216	391	464	3.51e-08	51.6
lcl|DQ309527.1_cds_ABD04169.1_1	AIPGENE10550	28.000	125	81	3	25	387	699	818	1.50e-07	50.1
lcl|DQ309527.1_cds_ABD04169.1_1	AIPGENE7095	37.681	69	38	2	25	216	210	278	3.14e-07	48.9
lcl|DQ309527.1_cds_ABD04169.1_1	AIPGENE22170	35.294	68	43	1	19	219	174	241	1.66e-06	46.6
lcl|DQ309528.1_cds_ABD04170.1_1	AIPGENE1135	79.012	162	29	2	1	474	182	342	4.68e-93	273
lcl|DQ309528.1_cds_ABD04170.1_1	AIPGENE1838	27.451	102	68	2	16	321	1559	1654	3.20e-08	52.0
lcl|DQ309528.1_cds_ABD04170.1_1	AIPGENE4009	27.451	102	68	2	16	321	176	271	2.79e-07	48.9
lcl|DQ309530.1_cds_ABD04171.1_1	AIPGENE13947	79.661	59	11	1	34	207	55	113	1.30e-25	90.9
lcl|DQ309530.1_cds_ABD04171.1_1	AIPGENE14390	77.966	59	12	1	34	207	55	113	3.94e-24	87.0
lcl|DQ309532.1_cds_ABD04172.1_1	AIPGENE2150	75.000	104	24	1	1	312	312	413	2.56e-48	158
lcl|DQ309533.1_cds_ABD04173.1_1	AIPGENE23723	66.860	172	56	1	7	522	4774	4944	1.50e-73	239
lcl|DQ309534.1_cds_ABD04174.1_1	AIPGENE1913	83.333	156	25	1	52	519	18	172	9.52e-86	249
lcl|DQ309534.1_cds_ABD04174.1_1	AIPGENE14371	61.538	156	59	1	52	516	16	171	3.48e-64	195
lcl|DQ309534.1_cds_ABD04174.1_1	AIPGENE20692	60.000	145	58	0	52	486	14	158	1.55e-55	179
lcl|DQ309534.1_cds_ABD04174.1_1	AIPGENE20692	55.319	141	63	0	94	516	215	355	1.28e-49	163
lcl|DQ309534.1_cds_ABD04174.1_1	AIPGENE18019	35.000	140	87	1	88	495	119	258	2.43e-24	95.5
lcl|DQ309534.1_cds_ABD04174.1_1	AIPGENE18019	28.662	157	91	2	88	495	29	185	1.04e-12	64.3
lcl|DQ309534.1_cds_ABD04174.1_1	AIPGENE18020	35.338	133	82	1	88	474	119	251	3.11e-22	90.1
lcl|DQ309534.1_cds_ABD04174.1_1	AIPGENE18020	28.221	163	96	2	88	513	29	191	1.45e-12	63.9
lcl|DQ309534.1_cds_ABD04174.1_1	AIPGENE20456	34.074	135	85	1	103	495	128	262	4.14e-19	81.6
lcl|DQ309534.1_cds_ABD04174.1_1	AIPGENE22463	32.143	140	91	1	88	495	111	250	2.08e-17	77.0
lcl|DQ309534.1_cds_ABD04174.1_1	AIPGENE21054	30.000	140	94	1	88	495	8	147	3.12e-16	72.0
lcl|DQ309534.1_cds_ABD04174.1_1	AIPGENE20985	31.469	143	93	2	82	495	4	146	9.23e-16	70.5
lcl|DQ309534.1_cds_ABD04174.1_1	AIPGENE20951	30.986	142	94	1	82	495	12	153	1.06e-15	70.5
lcl|DQ309534.1_cds_ABD04174.1_1	AIPGENE5686	36.842	95	59	1	223	504	1	95	1.81e-15	68.6
lcl|DQ309534.1_cds_ABD04174.1_1	AIPGENE4281	29.787	141	95	1	88	498	15	155	5.25e-14	66.2
lcl|DQ309534.1_cds_ABD04174.1_1	AIPGENE20129	29.078	141	96	3	82	495	9	148	6.80e-14	65.9
lcl|DQ309534.1_cds_ABD04174.1_1	AIPGENE22194	28.369	141	94	3	88	495	9	147	1.11e-12	62.4
lcl|DQ309534.1_cds_ABD04174.1_1	AIPGENE18012	28.676	136	91	2	94	489	41	174	1.59e-12	62.8
lcl|DQ309534.1_cds_ABD04174.1_1	AIPGENE13709	29.286	140	95	1	88	495	25	164	1.47e-11	59.7
lcl|DQ309534.1_cds_ABD04174.1_1	AIPGENE10016	24.615	130	94	1	97	474	5	134	1.10e-10	58.2
lcl|DQ309534.1_cds_ABD04174.1_1	AIPGENE22195	27.820	133	89	3	112	495	3	133	3.28e-10	55.5
lcl|DQ309534.1_cds_ABD04174.1_1	AIPGENE22160	27.731	119	82	1	130	474	4	122	3.45e-10	55.5
lcl|DQ309534.1_cds_ABD04174.1_1	AIPGENE22166	27.820	133	92	1	88	474	25	157	5.09e-10	55.8
lcl|DQ309534.1_cds_ABD04174.1_1	AIPGENE22217	27.737	137	94	2	94	489	11	147	1.56e-09	53.9
lcl|DQ309534.1_cds_ABD04174.1_1	AIPGENE22212	30.864	81	56	0	232	474	7	87	4.29e-09	51.6
lcl|DQ309534.1_cds_ABD04174.1_1	AIPGENE364	25.532	141	96	2	100	495	35	175	1.34e-07	49.3
lcl|DQ309534.1_cds_ABD04174.1_1	AIPGENE5904	27.215	158	95	5	64	504	24	172	5.75e-07	47.4
lcl|DQ309534.1_cds_ABD04174.1_1	AIPGENE7480	24.490	147	103	3	79	498	12	157	1.62e-06	46.2
lcl|DQ309534.1_cds_ABD04174.1_1	AIPGENE9795	26.241	141	93	3	112	504	11	150	2.10e-06	45.4
lcl|DQ309534.1_cds_ABD04174.1_1	AIPGENE5905	25.786	159	98	5	61	504	22	171	6.74e-06	44.3
lcl|DQ309534.1_cds_ABD04174.1_1	AIPGENE22219	34.921	63	37	1	100	276	12	74	9.67e-06	42.4
lcl|DQ309536.1_cds_ABD04175.1_1	AIPGENE8346	81.013	158	30	0	1	474	1	158	6.09e-96	274
lcl|DQ309537.1_cds_ABD04176.1_1	AIPGENE13458	62.893	159	58	1	1	474	91	249	1.10e-71	216
lcl|DQ309538.1_cds_ABD04177.1_1	AIPGENE14120	64.706	68	24	0	1	204	356	423	8.69e-31	111
lcl|DQ309538.1_cds_ABD04177.1_1	AIPGENE1750	50.000	64	32	0	1	192	404	467	4.42e-18	76.3
lcl|DQ309538.1_cds_ABD04177.1_1	AIPGENE1706	46.875	64	34	0	1	192	346	409	3.27e-17	73.9
lcl|DQ309538.1_cds_ABD04177.1_1	AIPGENE1712	47.761	67	35	0	1	201	225	291	4.13e-16	70.1
lcl|DQ309538.1_cds_ABD04177.1_1	AIPGENE29141	40.580	69	41	0	1	207	368	436	1.21e-13	63.9
lcl|DQ309538.1_cds_ABD04177.1_1	AIPGENE1734	40.909	66	39	0	19	216	403	468	2.21e-12	60.1
lcl|DQ309539.1_cds_ABD04178.1_1	AIPGENE14120	56.000	150	65	1	16	465	2	150	3.95e-53	173
lcl|DQ309539.1_cds_ABD04178.1_1	AIPGENE4981	41.401	157	82	2	16	465	8	161	5.94e-37	125
lcl|DQ309539.1_cds_ABD04178.1_1	AIPGENE1750	41.509	159	83	2	10	465	44	199	2.31e-35	127
lcl|DQ309539.1_cds_ABD04178.1_1	AIPGENE1706	42.254	142	72	2	61	465	2	140	2.49e-33	121
lcl|DQ309539.1_cds_ABD04178.1_1	AIPGENE29141	40.000	150	86	1	28	465	13	162	1.59e-32	119
lcl|DQ309539.1_cds_ABD04178.1_1	AIPGENE1734	40.645	155	88	1	13	465	37	191	2.32e-32	119
lcl|DQ309541.1_cds_ABD04180.1_1	AIPGENE3595	49.515	103	49	2	52	354	1	102	6.85e-24	95.9
lcl|DQ309541.1_cds_ABD04180.1_1	AIPGENE1729	37.168	113	71	0	61	399	8	120	9.65e-20	83.6
lcl|DQ309541.1_cds_ABD04180.1_1	AIPGENE3594	51.190	84	38	2	154	399	3	85	3.00e-19	82.0
lcl|DQ309542.1_cds_ABD04181.1_1	AIPGENE28945	72.093	129	36	0	1	387	316	444	5.28e-62	196
lcl|DQ309542.1_cds_ABD04181.1_1	AIPGENE23235	44.094	127	69	2	1	381	156	280	4.79e-28	104
lcl|DQ309543.1_cds_ABD04182.1_1	AIPGENE28945	80.612	98	19	0	1	294	174	271	8.59e-44	147
lcl|DQ309543.1_cds_ABD04182.1_1	AIPGENE23235	57.333	75	32	0	70	294	37	111	1.10e-25	97.1
lcl|DQ309544.1_cds_ABD04183.1_1	AIPGENE5126	85.950	121	17	0	70	432	1	121	2.37e-72	219
lcl|DQ309544.1_cds_ABD04183.1_1	AIPGENE22253	46.296	108	55	2	118	432	17	124	1.21e-24	96.7
lcl|DQ309544.1_cds_ABD04183.1_1	AIPGENE11590	43.119	109	58	2	118	432	19	127	2.06e-22	91.7
lcl|DQ309544.1_cds_ABD04183.1_1	AIPGENE14620	36.190	105	67	0	118	432	67	171	2.28e-22	92.0
lcl|DQ309544.1_cds_ABD04183.1_1	AIPGENE27624	38.596	114	67	1	94	426	387	500	6.12e-22	90.9
lcl|DQ309544.1_cds_ABD04183.1_1	AIPGENE27627	38.596	114	67	1	94	426	387	500	6.12e-22	90.9
lcl|DQ309544.1_cds_ABD04183.1_1	AIPGENE27625	38.596	114	67	1	94	426	373	486	7.19e-22	90.5
lcl|DQ309544.1_cds_ABD04183.1_1	AIPGENE27630	38.596	114	67	1	94	426	373	486	7.19e-22	90.5
lcl|DQ309544.1_cds_ABD04183.1_1	AIPGENE27629	38.596	114	67	1	94	426	373	486	6.30e-21	87.8
lcl|DQ309544.1_cds_ABD04183.1_1	AIPGENE27631	38.596	114	67	1	94	426	373	486	6.30e-21	87.8
lcl|DQ309544.1_cds_ABD04183.1_1	AIPGENE27626	38.596	114	67	1	94	426	387	500	6.50e-21	87.8
lcl|DQ309544.1_cds_ABD04183.1_1	AIPGENE27628	38.596	114	67	1	94	426	387	500	6.50e-21	87.8
lcl|DQ309544.1_cds_ABD04183.1_1	AIPGENE11621	39.823	113	64	1	106	432	10	122	1.27e-20	85.5
lcl|DQ309544.1_cds_ABD04183.1_1	AIPGENE21741	38.596	114	68	1	94	429	774	887	1.16e-18	81.3
lcl|DQ309544.1_cds_ABD04183.1_1	AIPGENE21741	32.727	110	73	1	106	432	244	353	5.53e-11	59.3
lcl|DQ309544.1_cds_ABD04183.1_1	AIPGENE14418	34.545	110	69	1	106	426	469	578	2.13e-18	80.5
lcl|DQ309544.1_cds_ABD04183.1_1	AIPGENE9378	45.455	88	45	1	118	372	181	268	1.01e-17	78.6
lcl|DQ309544.1_cds_ABD04183.1_1	AIPGENE22214	39.640	111	64	2	109	432	109	219	1.34e-17	78.2
lcl|DQ309544.1_cds_ABD04183.1_1	AIPGENE15340	36.000	125	79	1	58	429	2689	2813	5.74e-17	76.6
lcl|DQ309544.1_cds_ABD04183.1_1	AIPGENE15358	36.000	125	79	1	58	429	2693	2817	5.97e-17	76.6
lcl|DQ309544.1_cds_ABD04183.1_1	AIPGENE15341	36.000	125	79	1	58	429	2691	2815	6.14e-17	76.6
lcl|DQ309544.1_cds_ABD04183.1_1	AIPGENE15335	36.000	125	79	1	58	429	2724	2848	6.20e-17	76.6
lcl|DQ309544.1_cds_ABD04183.1_1	AIPGENE15343	36.000	125	79	1	58	429	2678	2802	6.26e-17	76.6
lcl|DQ309544.1_cds_ABD04183.1_1	AIPGENE15339	36.000	125	79	1	58	429	2687	2811	6.26e-17	76.6
lcl|DQ309544.1_cds_ABD04183.1_1	AIPGENE15346	36.000	125	79	1	58	429	2728	2852	6.26e-17	76.6
lcl|DQ309544.1_cds_ABD04183.1_1	AIPGENE15336	36.000	125	79	1	58	429	2709	2833	6.38e-17	76.6
lcl|DQ309544.1_cds_ABD04183.1_1	AIPGENE15352	36.000	125	79	1	58	429	2706	2830	6.45e-17	76.6
lcl|DQ309544.1_cds_ABD04183.1_1	AIPGENE15338	36.000	125	79	1	58	429	2713	2837	6.45e-17	76.6
lcl|DQ309544.1_cds_ABD04183.1_1	AIPGENE20037	37.615	109	64	1	115	429	15	123	6.46e-17	76.3
lcl|DQ309544.1_cds_ABD04183.1_1	AIPGENE20036	37.615	109	64	1	115	429	50	158	6.49e-17	76.3
lcl|DQ309544.1_cds_ABD04183.1_1	AIPGENE15342	36.000	125	79	1	58	429	2674	2798	6.57e-17	76.6
lcl|DQ309544.1_cds_ABD04183.1_1	AIPGENE15337	36.000	125	79	1	58	429	2702	2826	6.57e-17	76.6
lcl|DQ309544.1_cds_ABD04183.1_1	AIPGENE4073	33.884	121	72	1	94	432	8	128	5.33e-16	73.9
lcl|DQ309544.1_cds_ABD04183.1_1	AIPGENE23083	35.897	117	72	1	91	432	25	141	1.05e-15	72.4
lcl|DQ309544.1_cds_ABD04183.1_1	AIPGENE15732	40.000	100	57	2	136	426	142	241	6.35e-15	70.5
lcl|DQ309544.1_cds_ABD04183.1_1	AIPGENE5181	34.545	110	67	1	118	432	46	155	8.07e-15	70.1
lcl|DQ309544.1_cds_ABD04183.1_1	AIPGENE13942	34.545	110	67	1	118	432	46	155	8.07e-15	70.1
lcl|DQ309544.1_cds_ABD04183.1_1	AIPGENE7261	37.273	110	64	2	94	408	389	498	1.20e-14	69.7
lcl|DQ309544.1_cds_ABD04183.1_1	AIPGENE7261	27.273	110	73	2	118	426	60	169	4.62e-08	50.8
lcl|DQ309544.1_cds_ABD04183.1_1	AIPGENE20863	37.500	112	63	3	118	432	23	134	1.63e-14	68.9
lcl|DQ309544.1_cds_ABD04183.1_1	AIPGENE4667	31.776	107	71	1	118	432	7	113	3.70e-14	67.8
lcl|DQ309544.1_cds_ABD04183.1_1	AIPGENE14615	31.776	107	71	1	118	432	7	113	3.70e-14	67.8
lcl|DQ309544.1_cds_ABD04183.1_1	AIPGENE16832	34.513	113	70	1	106	432	301	413	3.82e-14	68.6
lcl|DQ309544.1_cds_ABD04183.1_1	AIPGENE16832	30.275	109	74	2	106	429	954	1061	2.73e-10	57.4
lcl|DQ309544.1_cds_ABD04183.1_1	AIPGENE3092	33.600	125	77	2	67	432	34	155	3.16e-13	65.5
lcl|DQ309544.1_cds_ABD04183.1_1	AIPGENE1619	32.692	104	64	2	106	399	16	119	3.48e-13	65.9
lcl|DQ309544.1_cds_ABD04183.1_1	AIPGENE3093	35.294	102	63	1	136	432	11	112	4.78e-13	65.1
lcl|DQ309544.1_cds_ABD04183.1_1	AIPGENE6376	37.864	103	57	3	145	432	1	103	5.29e-13	64.3
lcl|DQ309544.1_cds_ABD04183.1_1	AIPGENE26047	37.624	101	58	1	118	405	38	138	8.36e-13	64.7
lcl|DQ309544.1_cds_ABD04183.1_1	AIPGENE22448	31.481	108	70	1	118	429	42	149	9.84e-13	64.3
lcl|DQ309544.1_cds_ABD04183.1_1	AIPGENE25611	34.259	108	67	2	115	426	58	165	5.58e-12	62.0
lcl|DQ309544.1_cds_ABD04183.1_1	AIPGENE22083	33.028	109	66	2	118	426	84	191	1.76e-11	60.5
lcl|DQ309544.1_cds_ABD04183.1_1	AIPGENE22084	33.028	109	66	2	118	426	103	210	1.88e-11	60.5
lcl|DQ309544.1_cds_ABD04183.1_1	AIPGENE28857	39.080	87	49	1	136	384	18	104	2.91e-11	60.1
lcl|DQ309544.1_cds_ABD04183.1_1	AIPGENE17808	32.231	121	74	4	58	399	335	454	2.02e-10	57.8
lcl|DQ309544.1_cds_ABD04183.1_1	AIPGENE13811	33.663	101	62	2	118	405	108	208	2.86e-10	57.0
lcl|DQ309544.1_cds_ABD04183.1_1	AIPGENE20038	31.897	116	68	4	118	432	9	124	3.38e-10	57.0
lcl|DQ309544.1_cds_ABD04183.1_1	AIPGENE6171	30.469	128	75	2	91	432	42	169	3.39e-10	57.0
lcl|DQ309544.1_cds_ABD04183.1_1	AIPGENE23467	35.294	102	60	2	139	426	77	178	4.62e-10	56.6
lcl|DQ309544.1_cds_ABD04183.1_1	AIPGENE28247	28.182	110	74	1	118	432	44	153	6.92e-10	55.8
lcl|DQ309544.1_cds_ABD04183.1_1	AIPGENE16534	33.654	104	66	1	79	381	1	104	1.78e-09	55.1
lcl|DQ309544.1_cds_ABD04183.1_1	AIPGENE20809	29.630	108	71	2	118	426	67	174	2.30e-09	54.7
lcl|DQ309544.1_cds_ABD04183.1_1	AIPGENE9091	31.068	103	65	2	136	426	163	265	5.31e-09	53.5
lcl|DQ309544.1_cds_ABD04183.1_1	AIPGENE21742	31.481	108	73	1	109	429	9	116	5.42e-09	53.5
lcl|DQ309544.1_cds_ABD04183.1_1	AIPGENE19814	33.673	98	60	2	118	396	38	135	1.17e-08	52.4
lcl|DQ309544.1_cds_ABD04183.1_1	AIPGENE21632	28.947	114	80	1	94	432	17	130	1.31e-08	52.4
lcl|DQ309544.1_cds_ABD04183.1_1	AIPGENE19815	33.673	98	60	2	118	396	43	140	1.70e-08	52.0
lcl|DQ309544.1_cds_ABD04183.1_1	AIPGENE24776	26.364	110	77	1	109	426	29	138	2.19e-08	51.6
lcl|DQ309544.1_cds_ABD04183.1_1	AIPGENE767	29.808	104	54	2	112	366	173	276	2.23e-08	51.6
lcl|DQ309544.1_cds_ABD04183.1_1	AIPGENE766	29.808	104	54	2	112	366	176	279	2.27e-08	51.6
lcl|DQ309544.1_cds_ABD04183.1_1	AIPGENE9942	28.571	112	73	2	118	432	16	127	2.57e-08	51.2
lcl|DQ309544.1_cds_ABD04183.1_1	AIPGENE24041	31.405	121	75	4	85	429	328	446	3.03e-08	51.6
lcl|DQ309544.1_cds_ABD04183.1_1	AIPGENE26713	34.021	97	58	3	88	363	157	252	5.11e-08	50.8
lcl|DQ309544.1_cds_ABD04183.1_1	AIPGENE10078	31.532	111	65	5	118	426	26	133	6.31e-08	50.4
lcl|DQ309544.1_cds_ABD04183.1_1	AIPGENE19946	31.532	111	65	5	118	426	26	133	6.31e-08	50.4
lcl|DQ309544.1_cds_ABD04183.1_1	AIPGENE11346	29.464	112	72	3	100	429	228	334	7.02e-08	50.4
lcl|DQ309544.1_cds_ABD04183.1_1	AIPGENE11345	29.464	112	72	3	100	429	228	334	7.13e-08	50.4
lcl|DQ309544.1_cds_ABD04183.1_1	AIPGENE19446	28.000	100	67	2	112	396	2	101	1.22e-07	49.7
lcl|DQ309544.1_cds_ABD04183.1_1	AIPGENE17550	32.584	89	54	2	112	360	229	317	1.24e-07	49.7
lcl|DQ309544.1_cds_ABD04183.1_1	AIPGENE4738	33.333	84	51	2	106	345	1	83	1.25e-07	49.7
lcl|DQ309544.1_cds_ABD04183.1_1	AIPGENE4565	30.337	89	55	2	112	360	21	108	2.20e-07	48.1
lcl|DQ309544.1_cds_ABD04183.1_1	AIPGENE1286	34.091	88	52	2	118	363	308	395	2.44e-07	48.9
lcl|DQ309544.1_cds_ABD04183.1_1	AIPGENE15517	34.146	82	50	1	112	345	2	83	3.97e-07	48.1
lcl|DQ309544.1_cds_ABD04183.1_1	AIPGENE324	28.182	110	73	2	118	429	55	164	4.60e-07	48.1
lcl|DQ309544.1_cds_ABD04183.1_1	AIPGENE632	28.333	120	76	3	91	429	11	127	4.95e-07	47.8
lcl|DQ309544.1_cds_ABD04183.1_1	AIPGENE4302	29.358	109	72	2	118	429	44	152	5.30e-07	47.8
lcl|DQ309544.1_cds_ABD04183.1_1	AIPGENE4303	29.358	109	72	2	118	429	44	152	5.66e-07	47.8
lcl|DQ309544.1_cds_ABD04183.1_1	AIPGENE29262	32.609	92	55	2	118	372	4	95	7.28e-07	47.4
lcl|DQ309544.1_cds_ABD04183.1_1	AIPGENE21223	33.663	101	63	3	136	426	16	116	8.37e-07	47.4
lcl|DQ309544.1_cds_ABD04183.1_1	AIPGENE21224	33.663	101	63	3	136	426	16	116	8.37e-07	47.4
lcl|DQ309544.1_cds_ABD04183.1_1	AIPGENE9143	27.826	115	70	2	112	429	189	299	1.06e-06	47.0
lcl|DQ309544.1_cds_ABD04183.1_1	AIPGENE3534	34.091	88	50	4	106	360	1	83	1.39e-06	46.6
lcl|DQ309544.1_cds_ABD04183.1_1	AIPGENE22447	33.333	54	36	0	268	429	4	57	1.55e-06	46.6
lcl|DQ309544.1_cds_ABD04183.1_1	AIPGENE2164	28.814	118	73	4	106	429	34	150	1.90e-06	46.2
lcl|DQ309544.1_cds_ABD04183.1_1	AIPGENE7783	29.907	107	70	1	127	432	47	153	4.41e-06	45.4
lcl|DQ309544.1_cds_ABD04183.1_1	AIPGENE10537	31.325	83	55	1	136	378	273	355	5.06e-06	45.1
lcl|DQ309544.1_cds_ABD04183.1_1	AIPGENE16053	32.110	109	69	3	118	432	33	140	8.46e-06	44.3
lcl|DQ309544.1_cds_ABD04183.1_1	AIPGENE10536	29.412	102	69	2	133	432	425	525	9.77e-06	44.3
lcl|DQ309545.1_cds_ABD04184.1_1	AIPGENE14693	84.569	499	75	2	136	1629	3	500	0.0	870
lcl|DQ309545.1_cds_ABD04184.1_1	AIPGENE2900	28.898	481	326	9	148	1569	16	487	1.30e-47	173
lcl|DQ309545.1_cds_ABD04184.1_1	AIPGENE4001	27.917	480	330	9	148	1566	9	479	1.96e-47	172
lcl|DQ309545.1_cds_ABD04184.1_1	AIPGENE20178	27.564	468	314	8	199	1566	65	519	2.09e-46	170
lcl|DQ309545.1_cds_ABD04184.1_1	AIPGENE5636	27.812	489	326	13	151	1569	447	924	8.69e-43	164
lcl|DQ309545.1_cds_ABD04184.1_1	AIPGENE4046	27.778	486	330	11	142	1569	29	503	2.47e-40	153
lcl|DQ309545.1_cds_ABD04184.1_1	AIPGENE21328	26.667	435	292	7	163	1446	66	480	1.26e-35	142
lcl|DQ309545.1_cds_ABD04184.1_1	AIPGENE5410	26.667	435	292	7	163	1446	66	480	1.39e-35	142
lcl|DQ309545.1_cds_ABD04184.1_1	AIPGENE5410	22.467	227	173	3	220	894	586	811	3.72e-10	63.2
lcl|DQ309545.1_cds_ABD04184.1_1	AIPGENE3914	28.061	392	267	9	400	1563	14	394	3.29e-33	135
lcl|DQ309545.1_cds_ABD04184.1_1	AIPGENE5166	24.580	476	342	8	160	1566	25	490	5.43e-33	132
lcl|DQ309545.1_cds_ABD04184.1_1	AIPGENE6251	24.648	426	308	6	199	1452	66	486	1.28e-31	128
lcl|DQ309545.1_cds_ABD04184.1_1	AIPGENE9747	25.285	439	314	6	151	1446	14	445	2.98e-30	124
lcl|DQ309545.1_cds_ABD04184.1_1	AIPGENE4852	28.223	287	200	4	148	993	16	301	8.37e-26	108
lcl|DQ309545.1_cds_ABD04184.1_1	AIPGENE21594	24.412	340	222	8	505	1488	237	553	1.14e-16	83.2
lcl|DQ309545.1_cds_ABD04184.1_1	AIPGENE22336	26.579	380	248	15	304	1380	105	474	7.27e-14	74.3
lcl|DQ309545.1_cds_ABD04184.1_1	AIPGENE12727	24.742	194	114	5	799	1347	39	211	1.51e-10	62.0
lcl|DQ309545.1_cds_ABD04184.1_1	AIPGENE12723	26.950	141	82	5	931	1347	126	247	8.21e-06	48.5
lcl|DQ309546.1_cds_ABD04185.1_1	AIPGENE20633	46.392	97	51	1	4	291	954	1050	2.46e-21	87.0
lcl|DQ309546.1_cds_ABD04185.1_1	AIPGENE20633	49.505	101	46	3	4	291	1219	1319	4.25e-20	83.6
lcl|DQ309546.1_cds_ABD04185.1_1	AIPGENE20633	45.455	99	51	3	4	291	1443	1541	1.73e-18	79.0
lcl|DQ309546.1_cds_ABD04185.1_1	AIPGENE20632	46.392	97	51	1	4	291	1522	1618	4.49e-21	86.7
lcl|DQ309546.1_cds_ABD04185.1_1	AIPGENE20632	49.505	101	46	3	4	291	1787	1887	8.38e-20	82.8
lcl|DQ309546.1_cds_ABD04185.1_1	AIPGENE20632	41.000	100	58	1	4	300	831	930	6.27e-19	80.5
lcl|DQ309546.1_cds_ABD04185.1_1	AIPGENE20632	45.455	99	51	3	4	291	2011	2109	3.21e-18	78.2
lcl|DQ309546.1_cds_ABD04185.1_1	AIPGENE8398	43.689	103	55	2	4	303	120	222	1.52e-18	77.0
lcl|DQ309546.1_cds_ABD04185.1_1	AIPGENE25188	40.816	98	55	3	4	291	120	216	6.19e-16	70.1
lcl|DQ309546.1_cds_ABD04185.1_1	AIPGENE10250	39.583	96	58	0	16	303	1406	1501	1.18e-15	70.9
lcl|DQ309546.1_cds_ABD04185.1_1	AIPGENE10250	30.612	98	68	0	4	297	2353	2450	2.09e-10	56.2
lcl|DQ309546.1_cds_ABD04185.1_1	AIPGENE10250	27.835	97	70	0	4	294	1968	2064	4.79e-09	52.4
lcl|DQ309546.1_cds_ABD04185.1_1	AIPGENE20628	42.857	84	48	0	4	255	6488	6571	8.08e-15	68.6
lcl|DQ309546.1_cds_ABD04185.1_1	AIPGENE20628	38.776	98	60	0	4	297	475	572	2.75e-14	67.0
lcl|DQ309546.1_cds_ABD04185.1_1	AIPGENE20628	42.500	80	45	1	4	240	5288	5367	1.56e-13	65.1
lcl|DQ309546.1_cds_ABD04185.1_1	AIPGENE20628	44.156	77	43	0	4	234	5485	5561	1.73e-13	64.7
lcl|DQ309546.1_cds_ABD04185.1_1	AIPGENE20628	28.409	88	63	0	7	270	7345	7432	1.20e-07	48.1
lcl|DQ309546.1_cds_ABD04185.1_1	AIPGENE12346	38.542	96	59	0	16	303	1259	1354	9.87e-15	68.6
lcl|DQ309546.1_cds_ABD04185.1_1	AIPGENE12346	30.612	98	68	0	4	297	2206	2303	2.14e-10	56.2
lcl|DQ309546.1_cds_ABD04185.1_1	AIPGENE12346	27.835	97	70	0	4	294	1821	1917	8.76e-09	51.6
lcl|DQ309546.1_cds_ABD04185.1_1	AIPGENE25153	38.835	103	58	3	1	294	127	229	3.40e-14	65.9
lcl|DQ309546.1_cds_ABD04185.1_1	AIPGENE6806	36.047	86	52	2	7	255	117	202	5.25e-12	60.5
lcl|DQ309546.1_cds_ABD04185.1_1	AIPGENE2433	41.379	87	48	2	4	255	98	184	5.97e-12	60.1
lcl|DQ309546.1_cds_ABD04185.1_1	AIPGENE16099	41.379	87	48	2	4	255	98	184	6.21e-12	60.1
lcl|DQ309546.1_cds_ABD04185.1_1	AIPGENE21264	37.755	98	57	3	4	291	716	811	1.44e-11	59.3
lcl|DQ309546.1_cds_ABD04185.1_1	AIPGENE21264	36.735	98	58	3	4	291	472	567	4.13e-09	52.4
lcl|DQ309546.1_cds_ABD04185.1_1	AIPGENE12342	34.694	98	63	1	1	294	2879	2975	7.39e-11	57.4
lcl|DQ309546.1_cds_ABD04185.1_1	AIPGENE12342	33.333	96	64	0	16	303	1931	2026	1.78e-09	53.5
lcl|DQ309546.1_cds_ABD04185.1_1	AIPGENE12342	34.000	100	66	0	4	303	982	1081	3.08e-09	52.8
lcl|DQ309546.1_cds_ABD04185.1_1	AIPGENE12342	30.851	94	65	0	10	291	269	362	1.72e-06	45.1
lcl|DQ309546.1_cds_ABD04185.1_1	AIPGENE15733	34.783	92	58	1	16	291	351	440	1.97e-10	56.2
lcl|DQ309546.1_cds_ABD04185.1_1	AIPGENE15734	34.783	92	58	1	16	291	351	440	1.99e-10	56.2
lcl|DQ309546.1_cds_ABD04185.1_1	AIPGENE12357	30.435	92	64	0	16	291	86	177	6.60e-10	54.7
lcl|DQ309546.1_cds_ABD04185.1_1	AIPGENE12357	30.435	92	64	0	16	291	409	500	6.60e-10	54.7
lcl|DQ309546.1_cds_ABD04185.1_1	AIPGENE12357	32.099	81	55	0	4	246	666	746	4.95e-07	46.6
lcl|DQ309546.1_cds_ABD04185.1_1	AIPGENE22181	40.278	72	43	0	40	255	694	765	1.83e-09	53.5
lcl|DQ309546.1_cds_ABD04185.1_1	AIPGENE22181	34.483	87	56	1	40	297	1108	1194	1.89e-07	47.8
lcl|DQ309546.1_cds_ABD04185.1_1	AIPGENE22181	35.294	85	54	1	40	291	1303	1387	2.90e-07	47.0
lcl|DQ309546.1_cds_ABD04185.1_1	AIPGENE22178	40.278	72	43	0	40	255	792	863	2.41e-09	53.1
lcl|DQ309546.1_cds_ABD04185.1_1	AIPGENE22178	34.483	87	56	1	40	297	1206	1292	5.39e-08	49.3
lcl|DQ309546.1_cds_ABD04185.1_1	AIPGENE22178	35.294	85	54	1	40	291	1401	1485	2.15e-07	47.4
lcl|DQ309546.1_cds_ABD04185.1_1	AIPGENE22180	36.905	84	53	0	40	291	737	820	2.51e-09	53.1
lcl|DQ309546.1_cds_ABD04185.1_1	AIPGENE22180	34.483	87	56	1	40	297	1151	1237	5.71e-08	49.3
lcl|DQ309546.1_cds_ABD04185.1_1	AIPGENE22180	35.294	85	54	1	40	291	1346	1430	2.19e-07	47.4
lcl|DQ309546.1_cds_ABD04185.1_1	AIPGENE6825	33.333	99	63	2	7	294	107	205	2.54e-09	52.8
lcl|DQ309546.1_cds_ABD04185.1_1	AIPGENE22179	36.905	84	53	0	40	291	749	832	2.58e-09	53.1
lcl|DQ309546.1_cds_ABD04185.1_1	AIPGENE22179	34.483	87	56	1	40	297	1163	1249	5.88e-08	48.9
lcl|DQ309546.1_cds_ABD04185.1_1	AIPGENE22179	35.294	85	54	1	40	291	1358	1442	2.17e-07	47.4
lcl|DQ309546.1_cds_ABD04185.1_1	AIPGENE12362	35.294	85	55	0	34	288	903	987	4.99e-09	52.0
lcl|DQ309546.1_cds_ABD04185.1_1	AIPGENE25272	31.959	97	58	4	16	294	264	356	5.11e-09	52.0
lcl|DQ309546.1_cds_ABD04185.1_1	AIPGENE11569	30.526	95	65	1	10	291	83	177	8.23e-09	51.6
lcl|DQ309546.1_cds_ABD04185.1_1	AIPGENE9036	32.609	92	54	4	28	297	759	844	1.34e-08	50.8
lcl|DQ309546.1_cds_ABD04185.1_1	AIPGENE9036	32.558	86	52	3	40	294	989	1069	5.55e-06	43.5
lcl|DQ309546.1_cds_ABD04185.1_1	AIPGENE21266	43.038	79	41	3	4	231	603	680	1.65e-08	50.4
lcl|DQ309546.1_cds_ABD04185.1_1	AIPGENE9156	37.634	93	46	4	37	297	4319	4405	2.17e-08	50.4
lcl|DQ309546.1_cds_ABD04185.1_1	AIPGENE9156	39.241	79	42	2	67	303	2477	2549	4.69e-08	49.3
lcl|DQ309546.1_cds_ABD04185.1_1	AIPGENE9156	37.037	81	45	2	55	297	5157	5231	3.35e-07	47.0
lcl|DQ309546.1_cds_ABD04185.1_1	AIPGENE9156	37.805	82	43	4	55	297	5839	5913	4.19e-07	46.6
lcl|DQ309546.1_cds_ABD04185.1_1	AIPGENE9156	41.250	80	41	3	55	294	4738	4811	2.64e-06	44.3
lcl|DQ309546.1_cds_ABD04185.1_1	AIPGENE9157	37.634	93	46	4	37	297	6952	7038	2.26e-08	50.4
lcl|DQ309546.1_cds_ABD04185.1_1	AIPGENE9157	39.241	79	42	2	67	303	5110	5182	4.88e-08	49.3
lcl|DQ309546.1_cds_ABD04185.1_1	AIPGENE9157	37.037	81	45	2	55	297	7790	7864	3.59e-07	47.0
lcl|DQ309546.1_cds_ABD04185.1_1	AIPGENE9157	37.805	82	43	4	55	297	8472	8546	4.32e-07	46.6
lcl|DQ309546.1_cds_ABD04185.1_1	AIPGENE9157	41.250	80	41	3	55	294	7371	7444	2.67e-06	44.3
lcl|DQ309546.1_cds_ABD04185.1_1	AIPGENE10288	31.633	98	63	2	10	300	210	304	2.52e-08	50.1
lcl|DQ309546.1_cds_ABD04185.1_1	AIPGENE10288	35.294	102	60	4	1	297	1140	1238	4.43e-06	43.9
lcl|DQ309546.1_cds_ABD04185.1_1	AIPGENE9155	37.634	93	46	4	37	297	8259	8345	2.78e-08	50.1
lcl|DQ309546.1_cds_ABD04185.1_1	AIPGENE9155	39.241	79	42	2	67	303	6417	6489	4.70e-08	49.3
lcl|DQ309546.1_cds_ABD04185.1_1	AIPGENE9155	37.037	81	45	2	55	297	9097	9171	4.12e-07	46.6
lcl|DQ309546.1_cds_ABD04185.1_1	AIPGENE9155	37.805	82	43	4	55	297	9779	9853	5.26e-07	46.6
lcl|DQ309546.1_cds_ABD04185.1_1	AIPGENE9155	41.250	80	41	3	55	294	8678	8751	2.72e-06	44.3
lcl|DQ309546.1_cds_ABD04185.1_1	AIPGENE9155	40.351	57	31	2	133	297	677	732	5.49e-06	43.5
lcl|DQ309546.1_cds_ABD04185.1_1	AIPGENE24337	34.737	95	55	2	16	294	96	185	3.73e-08	49.3
lcl|DQ309546.1_cds_ABD04185.1_1	AIPGENE19358	34.737	95	55	2	16	294	96	185	4.15e-08	49.3
lcl|DQ309546.1_cds_ABD04185.1_1	AIPGENE29258	34.444	90	56	2	7	273	404	491	7.37e-08	48.9
lcl|DQ309546.1_cds_ABD04185.1_1	AIPGENE29237	34.343	99	62	2	4	297	238	334	9.08e-08	48.5
lcl|DQ309546.1_cds_ABD04185.1_1	AIPGENE15821	35.955	89	51	3	40	303	354	437	1.23e-07	48.1
lcl|DQ309546.1_cds_ABD04185.1_1	AIPGENE20690	37.179	78	44	2	28	255	1217	1291	1.40e-07	48.1
lcl|DQ309546.1_cds_ABD04185.1_1	AIPGENE6812	31.034	87	59	1	37	294	32	118	1.77e-07	47.4
lcl|DQ309546.1_cds_ABD04185.1_1	AIPGENE12351	32.143	84	57	0	40	291	386	469	3.92e-07	46.6
lcl|DQ309546.1_cds_ABD04185.1_1	AIPGENE12351	25.000	96	72	0	4	291	123	218	1.84e-06	44.7
lcl|DQ309546.1_cds_ABD04185.1_1	AIPGENE2489	33.333	99	61	2	4	294	403	498	4.39e-07	46.6
lcl|DQ309546.1_cds_ABD04185.1_1	AIPGENE868	34.615	78	39	2	4	222	291	361	5.14e-07	46.2
lcl|DQ309546.1_cds_ABD04185.1_1	AIPGENE29080	47.059	68	31	2	4	207	87	149	5.57e-07	46.2
lcl|DQ309546.1_cds_ABD04185.1_1	AIPGENE15858	31.395	86	56	2	43	294	417	501	1.07e-06	45.4
lcl|DQ309546.1_cds_ABD04185.1_1	AIPGENE20627	28.571	98	68	1	4	297	73	168	1.50e-06	45.1
lcl|DQ309546.1_cds_ABD04185.1_1	AIPGENE13823	31.633	98	64	2	1	291	315	410	1.77e-06	44.7
lcl|DQ309546.1_cds_ABD04185.1_1	AIPGENE23625	34.146	82	48	3	55	300	4241	4316	1.89e-06	44.7
lcl|DQ309546.1_cds_ABD04185.1_1	AIPGENE23626	34.146	82	48	3	55	300	4183	4258	1.91e-06	44.7
lcl|DQ309546.1_cds_ABD04185.1_1	AIPGENE12347	29.670	91	60	2	7	267	488	578	3.76e-06	43.9
lcl|DQ309546.1_cds_ABD04185.1_1	AIPGENE5429	27.907	86	56	2	43	294	105	186	4.10e-06	43.5
lcl|DQ309546.1_cds_ABD04185.1_1	AIPGENE17213	36.000	75	43	2	4	222	119	190	5.16e-06	43.5
lcl|DQ309546.1_cds_ABD04185.1_1	AIPGENE14208	36.585	82	44	4	55	294	417	492	6.29e-06	43.1
lcl|DQ309546.1_cds_ABD04185.1_1	AIPGENE9144	36.585	82	44	4	55	294	417	492	6.95e-06	43.1
lcl|DQ309546.1_cds_ABD04185.1_1	AIPGENE12361	27.174	92	66	1	19	291	163	254	8.82e-06	42.7
lcl|DQ309547.1_cds_ABD04186.1_1	AIPGENE7093	47.826	46	23	1	1	135	29	74	2.43e-10	50.1
lcl|DQ309547.1_cds_ABD04186.1_1	AIPGENE2490	40.000	45	27	0	1	135	31	75	1.55e-06	40.4
lcl|DQ309547.1_cds_ABD04186.1_1	AIPGENE17689	43.590	39	22	0	1	117	29	67	6.50e-06	40.4
lcl|DQ309548.1_cds_ABD04187.1_1	AIPGENE22618	77.143	70	16	0	34	243	325	394	1.12e-20	84.0
lcl|DQ309550.1_cds_ABD04189.1_1	AIPGENE19125	80.263	152	28	1	1	456	1	150	2.01e-69	206
lcl|DQ309550.1_cds_ABD04189.1_1	AIPGENE19127	65.101	149	52	0	4	450	1	149	2.55e-58	179
lcl|DQ309550.1_cds_ABD04189.1_1	AIPGENE14254	47.059	136	68	2	40	447	100	231	1.72e-31	113
lcl|DQ309550.1_cds_ABD04189.1_1	AIPGENE22110	43.103	116	64	2	37	378	42	157	3.08e-17	73.9
lcl|DQ309551.1_cds_ABD04190.1_1	AIPGENE15099	95.833	96	4	0	1	288	313	408	5.49e-61	191
lcl|DQ309551.1_cds_ABD04190.1_1	AIPGENE13893	76.042	96	23	0	1	288	320	415	1.21e-36	127
lcl|DQ309551.1_cds_ABD04190.1_1	AIPGENE655	48.315	89	46	0	7	273	330	418	9.98e-25	95.9
lcl|DQ309551.1_cds_ABD04190.1_1	AIPGENE2200	38.636	88	53	1	13	273	333	420	2.44e-21	86.7
lcl|DQ309551.1_cds_ABD04190.1_1	AIPGENE2199	38.636	88	53	1	13	273	333	420	2.44e-21	86.7
lcl|DQ309551.1_cds_ABD04190.1_1	AIPGENE12055	38.384	99	54	2	4	279	383	481	2.42e-20	84.0
lcl|DQ309551.1_cds_ABD04190.1_1	AIPGENE1305	52.174	69	33	0	1	207	534	602	4.12e-19	80.5
lcl|DQ309551.1_cds_ABD04190.1_1	AIPGENE13094	40.659	91	50	2	10	279	317	404	9.12e-19	79.7
lcl|DQ309551.1_cds_ABD04190.1_1	AIPGENE217	40.000	85	51	0	10	264	294	378	2.42e-18	78.2
lcl|DQ309551.1_cds_ABD04190.1_1	AIPGENE19777	41.573	89	51	1	1	264	720	808	4.16e-18	77.8
lcl|DQ309551.1_cds_ABD04190.1_1	AIPGENE22043	52.703	74	35	0	7	228	533	606	8.88e-18	76.6
lcl|DQ309551.1_cds_ABD04190.1_1	AIPGENE18860	38.554	83	51	0	4	252	291	373	1.98e-17	75.5
lcl|DQ309551.1_cds_ABD04190.1_1	AIPGENE18655	46.774	62	33	0	43	228	1	62	4.11e-17	70.5
lcl|DQ309551.1_cds_ABD04190.1_1	AIPGENE637	38.636	88	54	0	1	264	497	584	4.42e-17	74.7
lcl|DQ309551.1_cds_ABD04190.1_1	AIPGENE15445	53.226	62	29	0	19	204	393	454	2.60e-16	72.4
lcl|DQ309551.1_cds_ABD04190.1_1	AIPGENE8058	37.333	75	47	0	4	228	520	594	7.95e-16	71.2
lcl|DQ309551.1_cds_ABD04190.1_1	AIPGENE2858	40.541	74	44	0	7	228	472	545	1.94e-15	70.1
lcl|DQ309551.1_cds_ABD04190.1_1	AIPGENE8404	35.106	94	60	1	1	279	662	755	3.33e-15	69.3
lcl|DQ309551.1_cds_ABD04190.1_1	AIPGENE16895	40.260	77	46	0	1	231	362	438	1.00e-14	68.2
lcl|DQ309551.1_cds_ABD04190.1_1	AIPGENE15012	44.615	65	36	0	1	195	556	620	1.18e-14	67.8
lcl|DQ309551.1_cds_ABD04190.1_1	AIPGENE1834	45.161	62	34	0	10	195	464	525	2.90e-14	66.6
lcl|DQ309551.1_cds_ABD04190.1_1	AIPGENE14618	33.333	81	54	0	10	252	342	422	8.83e-14	65.5
lcl|DQ309551.1_cds_ABD04190.1_1	AIPGENE17755	41.429	70	41	0	19	228	470	539	2.57e-13	63.9
lcl|DQ309551.1_cds_ABD04190.1_1	AIPGENE5909	39.189	74	45	0	7	228	527	600	3.05e-13	63.9
lcl|DQ309551.1_cds_ABD04190.1_1	AIPGENE48	34.247	73	48	0	19	237	232	304	6.62e-12	60.1
lcl|DQ309551.1_cds_ABD04190.1_1	AIPGENE18922	40.000	70	42	0	19	228	424	493	8.73e-12	59.7
lcl|DQ309551.1_cds_ABD04190.1_1	AIPGENE28979	34.247	73	48	0	19	237	369	441	1.78e-11	58.9
lcl|DQ309551.1_cds_ABD04190.1_1	AIPGENE12690	35.526	76	49	0	7	234	440	515	2.00e-11	58.5
lcl|DQ309551.1_cds_ABD04190.1_1	AIPGENE3069	51.923	52	25	0	7	162	407	458	3.54e-11	57.8
lcl|DQ309551.1_cds_ABD04190.1_1	AIPGENE10687	40.000	65	39	0	64	258	285	349	1.05e-10	56.6
lcl|DQ309551.1_cds_ABD04190.1_1	AIPGENE794	44.231	52	29	0	40	195	257	308	7.15e-10	54.3
lcl|DQ309551.1_cds_ABD04190.1_1	AIPGENE1986	31.111	90	55	2	16	282	357	440	1.15e-09	53.5
lcl|DQ309551.1_cds_ABD04190.1_1	AIPGENE2455	30.000	90	61	1	1	264	426	515	7.68e-08	48.5
lcl|DQ309551.1_cds_ABD04190.1_1	AIPGENE7283	37.705	61	38	0	4	186	152	212	4.86e-07	46.2
lcl|DQ309551.1_cds_ABD04190.1_1	AIPGENE23138	36.842	76	47	1	7	231	718	793	1.14e-06	45.1
lcl|DQ309551.1_cds_ABD04190.1_1	AIPGENE15015	35.185	54	35	0	7	168	887	940	4.81e-06	43.5
lcl|DQ309551.1_cds_ABD04190.1_1	AIPGENE22949	36.538	52	33	0	37	192	245	296	7.44e-06	42.7
lcl|DQ309552.1_cds_ABD04191.1_1	AIPGENE27901	96.721	244	8	0	1	732	187	430	3.63e-180	503
lcl|DQ309552.1_cds_ABD04191.1_1	AIPGENE10493	96.721	244	8	0	1	732	187	430	1.15e-178	499
lcl|DQ309552.1_cds_ABD04191.1_1	AIPGENE20512	95.885	243	10	0	1	729	187	429	6.59e-176	492
lcl|DQ309552.1_cds_ABD04191.1_1	AIPGENE23810	91.770	243	20	0	1	729	187	429	1.05e-172	484
lcl|DQ309552.1_cds_ABD04191.1_1	AIPGENE17177	62.551	243	91	0	1	729	152	394	4.11e-116	339
lcl|DQ309552.1_cds_ABD04191.1_1	AIPGENE17951	37.705	244	144	1	1	708	67	310	7.76e-63	200
lcl|DQ309552.1_cds_ABD04191.1_1	AIPGENE9543	36.179	246	149	1	1	714	189	434	5.76e-62	201
lcl|DQ309552.1_cds_ABD04191.1_1	AIPGENE9554	36.179	246	149	1	1	714	189	434	5.82e-62	201
lcl|DQ309552.1_cds_ABD04191.1_1	AIPGENE23845	35.772	246	150	1	1	714	189	434	1.17e-60	198
lcl|DQ309552.1_cds_ABD04191.1_1	AIPGENE24599	34.959	246	152	1	1	714	189	434	5.07e-56	186
lcl|DQ309552.1_cds_ABD04191.1_1	AIPGENE2846	38.953	172	105	0	1	516	154	325	1.17e-43	151
lcl|DQ309552.1_cds_ABD04191.1_1	AIPGENE28879	42.857	119	68	0	1	357	154	272	4.31e-30	114
lcl|DQ309552.1_cds_ABD04191.1_1	AIPGENE11362	28.340	247	167	5	1	711	190	436	2.35e-29	115
lcl|DQ309552.1_cds_ABD04191.1_1	AIPGENE28531	24.176	273	168	3	1	708	81	351	1.31e-28	112
lcl|DQ309552.1_cds_ABD04191.1_1	AIPGENE20514	74.576	59	15	0	1	177	187	245	1.94e-25	101
lcl|DQ309552.1_cds_ABD04191.1_1	AIPGENE23849	41.333	75	44	0	1	225	313	387	5.65e-15	73.9
lcl|DQ309552.1_cds_ABD04191.1_1	AIPGENE28889	46.875	64	34	0	1	192	189	252	2.04e-13	68.6
lcl|DQ309552.1_cds_ABD04191.1_1	AIPGENE2869	39.062	64	39	0	523	714	126	189	5.00e-12	63.5
lcl|DQ309552.1_cds_ABD04191.1_1	AIPGENE28898	39.216	51	31	0	562	714	1	51	4.56e-10	54.7
lcl|DQ309552.1_cds_ABD04191.1_1	AIPGENE28886	45.000	40	22	0	595	714	9	48	1.76e-08	50.4
