-0.510
-0.289
-0.595
#N/A
-0.098
0.118
0.012
-0.607
-0.218
-0.277
-0.142
#N/A
-0.060
#N/A
0.039
#N/A
#N/A
0.497
0.401
0.737
-0.010
#N/A
0.321
1.252
-0.068
0.226
-1.675
0.227
0.212
-0.868
#N/A
0.222
0.468
-0.778
-0.108
0.757
0.086
1.062
0.233
0.245
0.194
-0.673
0.197
0.469
-0.016
0.602
-0.205
0.223
-0.809
-1.472
0.411
0.048
-0.565
-0.119
0.063
-0.050
1.521
0.375
0.469
0.864
0.482
-0.043
0.032
-0.489
-0.750
-3.283
0.458
0.300
0.511
-0.212
-0.663
2.110
2.154
4.336
#N/A
2.508
-0.382
-0.572
0.567
-0.066
-1.728
#N/A
0.829
-0.272
0.191
0.099
0.179
0.796
-1.029
2.533
-0.081
#N/A
-0.123
0.285
#N/A
-1.235
-0.711
-1.010
#N/A
#N/A
-0.286
1.204
1.783
#N/A
0.516
0.093
0.790
2.183
1.499
-0.110
#N/A
-0.224
0.512
0.344
0.345
0.008
0.073
-0.713
-0.345
#N/A
0.026
1.321
#N/A
#N/A
0.110
0.560
0.229
0.967
0.061
0.294
-0.415
-0.493
0.044
-0.782
#N/A
-0.494
0.597
-1.704
0.247
0.242
0.046
0.540
-1.928
#N/A
#N/A
-0.100
0.083
0.003
0.824
#N/A
#N/A
#N/A
#N/A
0.115
#N/A
0.035
1.058
-0.202
#N/A
-0.125
-0.132
0.279
-0.300
-0.007
#N/A
0.142
#N/A
#N/A
0.125
0.092
0.467
-1.578
0.637
-0.916
-0.382
-0.286
-0.614
0.128
-0.289
#N/A
-0.101
0.372
0.077
2.535
#N/A
-0.308
0.146
0.363
-1.293
0.408
#N/A
#N/A
-0.945
-0.744
#N/A
-1.525
#N/A
0.459
-1.143
0.122
0.683
#N/A
#N/A
0.182
#N/A
-0.519
-0.115
0.023
-0.887
-0.264
-0.411
-0.449
-0.145
-1.714
#N/A
0.560
0.113
#N/A
-1.279
-2.185
-0.799
#N/A
0.767
#N/A
-0.583
0.326
-0.321
0.164
0.101
#N/A
-0.433
0.107
#N/A
-0.652
-0.624
#N/A
0.264
#N/A
0.203
#N/A
0.263
0.316
0.553
#N/A
-0.077
0.313
#N/A
-0.929
0.324
0.066
-0.690
0.988
0.283
-0.684
-0.480
-0.263
0.668
#N/A
#N/A
-0.014
-0.208
#N/A
0.170
#N/A
#N/A
0.363
1.236
-0.833
0.156
#N/A
#N/A
0.935
-0.014
0.810
-0.708
0.640
0.136
-0.015
-0.104
0.291
0.540
#N/A
-0.500
#N/A
-0.115
-0.166
#N/A
-1.095
-0.744
-0.931
-1.035
0.119
0.016
0.317
#N/A
0.477
#N/A
0.467
#N/A
0.360
1.893
0.326
0.216
0.344
#N/A
0.066
-0.228
0.313
-0.592
2.392
-2.019
-1.523
#N/A
#N/A
1.005
-0.377
0.470
#N/A
-2.015
#N/A
#N/A
#N/A
-0.130
0.398
-2.380
#N/A
0.399
0.421
0.501
0.433
0.143
0.557
0.152
#N/A
-0.111
-0.053
#N/A
0.147
#N/A
#N/A
#N/A
0.054
#N/A
1.297
-0.304
-0.284
0.289
0.045
-1.075
0.696
0.312
0.294
#N/A
-0.023
#N/A
#N/A
-0.425
#N/A
-0.661
0.857
0.560
0.375
-0.521
#N/A
-2.290
#N/A
-0.589
#N/A
0.007
0.751
#N/A
1.784
-0.265
#N/A
#N/A
-0.621
-0.501
#N/A
#N/A
#N/A
-0.311
#N/A
-0.488
-0.395
-1.084
0.607
#N/A
0.604
0.243
0.207
-0.611
-1.117
#N/A
-0.784
#N/A
-0.432
0.870
-0.180
-0.215
3.475
0.389
#N/A
-0.238
#N/A
0.814
1.744
0.263
-1.064
0.414
0.325
0.948
0.238
#N/A
0.785
1.681
0.054
0.057
#N/A
#N/A
0.146
#N/A
0.774
#N/A
#N/A
0.533
0.774
#N/A
0.833
#N/A
-0.258
-0.198
-0.705
-0.081
#N/A
-1.652
-1.423
-0.099
-0.254
1.006
-0.210
-0.129
0.361
0.570
-0.635
1.535
#N/A
#N/A
-0.865
-0.201
0.387
#N/A
#N/A
0.426
0.212
#N/A
-0.099
-0.297
-0.413
0.106
-0.387
-0.657
-1.062
0.152
0.769
1.134
1.586
-0.072
#N/A
0.875
-0.287
-0.384
1.131
#N/A
#N/A
1.275
0.966
#N/A
0.272
0.249
0.292
-0.503
1.282
#N/A
-0.675
#N/A
-0.440
0.318
-0.314
#N/A
0.207
-0.840
#N/A
-0.533
0.309
0.736
0.142
0.238
1.033
#N/A
#N/A
-1.749
1.740
0.068
0.658
-3.070
#N/A
-0.523
0.481
0.258
-0.190
0.481
#N/A
#N/A
#N/A
0.012
-0.089
0.203
-0.843
0.275
0.442
-0.601
0.279
0.904
0.131
#N/A
-0.156
-1.215
-0.821
-0.391
#N/A
0.595
-0.859
-0.248
-0.040
#N/A
0.127
#N/A
0.595
-0.226
-0.375
1.602
-0.737
-1.112
#N/A
#N/A
-2.801
-0.599
-0.250
#N/A
0.026
-0.464
#N/A
#N/A
-0.226
-1.112
0.026
-0.090
#N/A
0.111
0.512
-0.417
-0.081
#N/A
-0.661
-0.753
#N/A
-0.280
-1.295
-1.982
#N/A
-1.124
-0.018
0.183
-0.235
0.418
-0.059
#N/A
0.915
-0.284
#N/A
0.035
0.228
-0.348
-0.104
-0.025
-1.979
0.567
-0.336
0.073
0.352
#N/A
0.005
#N/A
#N/A
-1.644
-0.660
1.510
#N/A
-0.326
0.884
